(10000,1,5029,5040,5046,5052,5058)
(10001,2,5030,5041,5052)
(10002,3,5016,5027,5038,5049)
(10003,4,5052,5046,5040,5029,5023,5017,5011)
(10004,5,5030,5019,5013,5007,5001)
(10005,6,5028,5017,5006)
(10006,7,5029,5018,5012,5006)
(10007,8,5031,5020,5014,5013,5007,5001)
(10008,9,5049,5038,5027,5016,5005)
(10009,10,5048,5047,5041,5035,5029,5023,5017)
(10010,11,5051,5045,5039,5028,5017,5006)
(10011,12,5029,5040,5051)
(10012,13,5029,5018,5012,5006)
(10013,14,5053,5048,5043,5032,5021)
(10014,15,5030,5041,5047,5053,5059)
(10015,16,5005,5016,5027,5038,5044,5045,5046)
(10016,17,5030,5019,5013,5007,5001,5000)
(10017,18,5018,5029,5040,5045,5050)
(10018,19,5027,5038,5049)
(10019,20,5029,5040,5046,5052,5058)
(10020,21,5040,5029,5018,5007,5002,5003)
(10021,22,5021,5032,5043,5048,5053)
(10022,23,5008,5019,5025,5026,5032,5043)
(10023,24,5029,5018,5012,5006)
(10024,25,5038,5027,5016,5005,5000,5001,5002,5003)
(10025,26,5053,5042,5031,5025)
(10026,27,5039,5028,5017,5011)
(10027,28,5032,5043,5054)
(10028,29,5008,5019,5030,5041,5052,5058)
(10029,30,5032,5043,5054)
(10030,31,5039,5028,5017,5006)
(10031,32,5050,5039,5028,5017,5012,5013,5014,5009)
(10032,33,5017,5023,5029,5035,5041,5052)
(10033,34,5051,5040,5029,5018,5013,5008,5003,5004)
(10034,35,5006,5017,5023,5024,5025,5031)
(10035,36,5005,5016,5027)
(10036,37,5016,5027,5038,5044,5050)
(10037,38,5027,5016,5005)
(10038,39,5053,5042,5031,5020,5009,5004)
(10039,40,5020,5031,5042,5048,5054)
(10040,41,5055,5056,5057,5058,5053,5042,5031,5020,5015,5010)
(10041,42,5030,5041,5052)
(10042,43,5049,5038,5027,5016,5011,5012)
(10043,44,5040,5029,5018)
(10044,45,5031,5020,5014,5013,5007,5001)
(10045,46,5006,5017,5023,5029,5040,5046,5047)
(10046,47,5030,5019,5013,5007,5001,5000)
(10047,48,5030,5041,5052)
(10048,49,5005,5016,5027,5038,5049)
(10049,50,5008,5019,5025,5031)
(10050,51,5029,5040,5046,5052)
(10051,52,5013,5014,5015,5021,5032,5043)
(10052,53,5028,5039,5050)
(10053,54,5013,5014,5015,5021,5032,5043)
(10054,55,5017,5023,5029,5035,5041,5052,5058)
(10055,56,5006,5017,5023,5024,5030)
(10056,57,5030,5041,5047,5053)
(10057,58,5049,5038,5027,5016,5011,5012,5013)
(10058,59,5037,5036,5030,5019,5008)
(10059,60,5008,5019,5025,5031,5042)
(10060,61,5028,5039,5050,5056,5057,5058,5059)
(10061,62,5021,5032,5037,5036,5041,5052)
(10062,63,5008,5019,5030)
(10063,64,5022,5023,5029,5040,5051)
(10064,65,5031,5020,5014,5013,5007,5001,5000)
(10065,66,5007,5018,5029,5040,5051,5056,5055)
(10066,67,5053,5047,5046,5040,5029,5023,5017,5011)
(10067,68,5032,5043,5054)
(10068,69,5010,5021,5032,5043,5048,5047,5046,5051)
(10069,70,5018,5029,5040,5045,5050)
(10070,71,5030,5041,5047,5053,5059)
(10071,72,5053,5042,5031,5025)
(10072,73,5052,5046,5040,5029,5023,5017,5006)
(10073,74,5031,5020,5014,5013,5007,5001)
(10074,75,5051,5045,5039,5028)
(10075,76,5031,5042,5053,5059)
(10076,77,5051,5045,5039,5028,5017,5006)
(10077,78,5007,5018,5029,5040)
(10078,79,5007,5018,5029,5040,5051,5056)
(10079,80,5029,5040,5046,5052)
(10080,81,5037,5036,5030,5019,5008,5002,5001)
(10081,82,5018,5029,5040,5046)
(10082,83,5040,5029,5018,5007,5001,5000)
(10083,84,5054,5043,5032,5021,5010)
(10084,85,5019,5030,5041,5047,5048)
(10085,86,5052,5041,5030,5025,5026,5021)
(10086,87,5038,5027,5016,5005,5000,5001)
(10087,88,5029,5018,5012,5006,5000)
(10088,89,5032,5043,5054)
(10089,90,5030,5019,5013,5007)
(10090,91,5008,5019,5025,5031)
(10091,92,5053,5042,5031,5020,5009)
(10092,93,5045,5044,5038,5027,5016)
(10093,94,5027,5016,5005)
(10094,95,5030,5019,5008)
(10095,96,5032,5021,5010)
(10096,97,5052,5046,5040,5029,5023)
(10097,98,5028,5039,5050,5056,5057,5058)
(10098,99,5021,5032,5043)
(10099,100,5054,5043,5032,5021)
(10100,101,5028,5039,5050)
(10101,102,5017,5022,5027,5038,5049)
(10102,103,5028,5017,5006)
(10103,104,5005,5016,5027,5038,5044,5045,5046,5047,5053,5059)
(10104,105,5018,5029,5040,5051)
(10105,106,5030,5041,5047,5053,5059)
(10106,107,5039,5028,5017,5011)
(10107,108,5009,5020,5031,5036,5035,5040,5051)
(10108,109,5038,5027,5016)
(10109,110,5028,5039,5050)
(10110,111,5020,5031,5042,5048)
(10111,112,5050,5039,5028,5017,5012,5013)
(10112,113,5031,5042,5053,5059)
(10113,114,5038,5027,5016,5005,5000,5001,5002,5003)
(10114,115,5016,5027,5033,5034,5035,5036,5042,5048)
(10115,116,5006,5017,5028,5039)
(10116,117,5041,5030,5019,5008,5002,5001)
(10117,118,5028,5039,5050,5056)
(10118,119,5016,5027,5038,5044)
(10119,120,5039,5028,5017,5011,5005)
(10120,121,5028,5017,5006)
(10121,122,5051,5045,5039,5028,5017,5011)
(10122,123,5017,5022,5027,5038,5049)
(10123,124,5053,5042,5031,5020)
(10124,125,5041,5030,5019,5008,5003)
(10125,126,5019,5030,5041,5047,5053)
(10126,127,5009,5020,5031,5042,5053)
(10127,128,5028,5017,5006)